State 1960 1961 1962 1963 1964 1965 1966 1967 1968 1969
AL 87.2 92.3 92.7 93.9 95.4 98.5 96.4 95.5 88.4 90.1
AK 111.8 132.7 111.7 106.9 106.9 104.2 128.4 112.5 117.2 121.2
AZ 127.7 129.8 130.1 125.0 121.0 123.2 113.9 117.1 115.6 113.8
AR 89.2 94.1 99.2 103.4 102.6 100.3 98.9 102.9 104.0 102.9
CA 142.0 142.4 141.5 142.0 138.3 140.0 136.8 135.8 124.3 123.9
CO — — — — — 131.5 123.2 123.5 126.4 124.6
CT 153.7 160.1 152.3 156.2 143.5 147.0 144.5 145.6 143.2 144.7
DE 159.9 172.2 175.8 165.8 170.9 170.8 161.3 158.2 164.8 175.5
DC 186.7 215.1 236.3 246.4 235.3 246.5 295.9 249.8 224.3 212.2
FL 138.9 141.1 140.3 137.5 125.5 131.1 131.3 132.8 129.3 121.2
GA 101.2 107.5 106.2 108.3 107.6 103.8 104.8 106.7 105.0 108.6
Hl 71.3 78.6 80.1 76.7 76.1 83.4 57.2 72.7 75.7 77.8
ID 100.2 102.3 99.1 97.0 90.1 95.2 94.5 98.3 99.1 100.6
IL 134.6 138.1 140.6 145.5 144.5 145.5 144.2 141.8 132.6 130.4
IN 128.8 131.7 134.3 138.5 134.3 135.3 132.1 134.8 134.3 132.9
IA 107.6 111.3 113.3 114.9 109.7 116.0 108.2 113.7 109.2 107.9
KS 106.7 110.1 113.9 115.8 111.2 107.8 101.7 101.2 100.1 102.6
KY 113.6 121.2 121.4 126.3 127.0 128.7 134.0 139.3 142.8 146.3
LA 108.3 109.5 109.7 114.0 114.0 117.5 119.7 120.0 117.3 115.9
ME 141.8 145.9 139.3 138.4 137.4 139.1 135.1 136.0 135.6 135.2
MD 125.6 122.9 120.0 122.7 122.2 121.0 121.0 121.7 121.7 122.3
MA 131.1 136.0 138.2 142.2 138.7 136.5 131.6 130.2 128.0 129.7
Ml 125.6 127.1 128.2 126.7 125.0 131.8 134.5 134.4 134.2 133.4
MN 106.6 115.6 104.7 112.6 104.7 109.2 110.7 114.4 113.7 112.3
MS 84.0 86.6 89.6 83.9 86.1 83.5 86.9 88.1 89.0 91.0
MO 134.0 138.3 129.3 133.2 130.0 130.2 139.3 138.3 137.3 137.2
MT 115.7 119.1 119.8 118.9 112.8 118.0 114.9 118.0 116.1 117.4
NE 111.9 119.4 119.4 118.5 106.3 110.5 106.1 110.0 109.5 108.4
NV 199.3 207.9 208.8 212.7 206.3 192.7 184.0 175.8 189.7 198.6
NH 190.2 210.2 219.2 221.4 223.9 233.8 287.6 297.9 264.0 248.5
NJ 141.1 142.7 139.9 141.4 135.6 138.0 144.9 131.1 130.2 121.2
NM 105.0 105.0 94.9 92.5 89.9 96.3 96.5 95.5 99.9 87.0
NY 145.0 147.6 149.7 146.9 141.2 138.5 122.4 123.2 124.9 122.4
NC — — — — — — — — — —
ND 97.6 99.7 100.2 103.3 102.0 103.2 99.5 96.3 97.0 96.9
OH 127.1 129.6 131.9 130.4 129.4 134.8 135.5 136.4 129.8 128.8
OK 112.9 118.9 112.4 113.4 111.5 115.6 115.9 117.9 113.0 108.7
OR — — — — — — — 165.1 162.0 160.1
PA 119.2 120.6 123.5 128.3 117.4 120.4 122.9 125.5 117.1 114.7
Rl 143.3 143.7 145.3 144.6 140.3 133.2 140.2 144.5 142.9 117.8
SC 86.7 88.7 89.9 88.2 89.7 90.1 93.4 95.1 95.7 104.2
SD 101.0 107.5 110.8 106.0 99.4 98.7 98.8 99.6 100.4 102.5
TN 98.7 104.8 108.3 110.3 105.5 108.1 109.9 111.5 109.2 107.3
TX 105.3 112.6 114.6 113.4 110.7 120.5 106.1 109.0 108.4 111.3
UT 69.0 71.2 71.3 72.0 62.3 65.0 65.7 64.3 64.3 65.6
VT 122.8 129.5 130.4 133.5 129.1 122.9 130.4 127.4 128.8 134.6
VA — 120.0 124.1 122.8 118.5 123.3 120.2 120.9 122.8 123.9
WA 103.4 103.8 101.7 99.1 95.4 98.3 86.9 99.7 101.5 100.2
WV 106.0 107.4 109.3 111.8 109.0 110.5 111.2 113.6 119.8 112.1
Wl 112.8 115.5 110.8 110.4 106.2 109.4 106.3 108.3 111.4 111.5
WY 129.5 140.6 137.9 125.6 134.0 137.6 133.3 137.4 136.5 135.7