State 1990 1991 1992 1993 1994 1995 1996 1997 1998 1999
AL 108.6 107.9 109.1 108.5 107.1 102.6 101.4 104.9 106.2 100.7
AK 100.2 101.8 98.5 95.2 94.1 89.5 89.9 81.7 78.6 70.5
AZ 88.9 81.2 79.0 80.3 79.0 77.3 71.4 64.6 66.0 61.7
AR 113.1 116.8 126.0 113.8 108.8 113.0 110.7 108.7 109.5 104.8
CA 77.8 68.7 67.5 63.4 58.6 56.4 54.5 53.8 52.3 47.2
CO 87.4 90.2 88.3 88.6 89.1 85.4 83.1 81.3 81.2 79.6
CT 91.5 86.7 83.6 79.1 76.6 79.3 76.0 75.9 75.5 73.4
DE 127.2 118.8 120.0 123.8 126.1 127.2 128.3 124.1 132.8 139.5
DC 84.1 82.2 82.6 68.0 54.1 57.9 56.0 54.3 50.9 50.8
FL 110.1 98.2 95.9 96.8 93.6 95.4 91.8 93.0 91.7 88.2
GA 113.8 109.6 109.2 109.2 107.8 100.3 102.7 100.6 100.5 97.1
Hl 48.9 54.7 51.3 52.4 44.2 45.7 51.6 49.1 35.5 32.5
ID 90.1 85.4 85.1 86.7 93.0 78.2 73.6 75.0 78.9 75.1
IL 94.1 96.1 94.8 94.6 85.7 84.3 81.8 79.6 80.3 72.2
IN 128.3 127.2 128.2 126.8 128.2 135.4 135.1 135.3 135.9 133.3
IA 95.4 97.1 95.2 92.5 93.4 93.0 94.0 93.9 94.0 91.7
KS 94.3 91.8 90.0 89.9 89.1 90.1 88.7 89.2 87.6 83.3
KY 182.5 170.8 167.6 167.6 170.2 175.3 179.0 186.8 171.3 165.3
LA 101.5 107.2 108.5 106.2 105.3 105.7 106.8 105.3 103.2 101.0
ME 117.5 116.1 114.7 108.5 101.6 102.3 100.0 101.1 94.5 85.5
MD 102.8 97.6 91.7 82.6 80.8 77.1 75.0 72.7 72.0 71.4
MA 99.4 93.5 90.5 84.1 77.0 76.9 74.6 66.7 63.6 60.4
Ml 114.4 110.3 107.6 106.5 112.9 82.8 82.9 75.6 73.7 81.7
MN 90.7 86.2 83.8 81.6 83.4 84.1 81.7 84.1 83.2 80.7
MS 101.8 105.6 103.9 105.4 106.0 107.5 106.9 106.3 107.0 103.9
MO 119.1 119.9 122.3 121.6 119.4 124.0 124.1 120.6 120.1 118.0
MT 84.7 82.9 86.6 86.0 88.2 90.5 87.3 88.9 89.1 82.6
NE 89.9 92.4 90.6 91.1 85.9 88.5 86.2 85.5 79.7 86.8
NV 137.3 115.5 110.0 108.1 105.2 100.9 99.0 95.6 102.4 103.9
NH 152.4 144.8 143.7 148.9 153.8 158.5 158.0 174.4 173.8 171.7
NJ 98.6 86.7 86.6 82.9 81.6 81.0 79.1 77.0 72.6 63.6
NM 70.8 69.9 71.4 69.0 68.2 67.0 65.7 61.8 62.6 59.7
NY 93.7 86.4 82.4 78.2 71.6 70.5 65.9 64.5 64.9 62.9
NC 133.7 132.7 128.8 129.7 112.7 124.9 129.7 125.6 126.0 113.1
ND 77.1 85.2 74.4 83.0 81.0 80.6 80.8 77.5 79.1 74.7
OH 115.5 113.2 112.3 108.9 108.6 111.7 107.6 108.6 106.4 104.0
OK 88.4 87.8 86.3 86.2 104.8 109.5 110.8 111.8 112.2 111.4
OR 102.5 100.1 101.6 98.7 96.6 94.6 94.3 89.5 84.2 79.9
PA 101.3 102.5 96.2 94.7 95.4 95.4 93.3 92.9 92.1 91.1
Rl 101.4 103.6 100.1 94.1 91.9 90.8 87.5 90.0 88.7 86.9
SC 118.6 121.5 112.9 115.2 112.2 109.2 102.9 124.5 126.9 109.4
SD 88.3 91.8 93.0 91.6 94.8 98.6 92.3 88.8 88.3 83.5
TN 121.8 120.6 121.0 120.8 118.8 125.4 119.2 118.9 119.7 115.8
TX 85.6 79.6 77.2 81.3 78.8 75.2 74.6 72.6 73.2 67.8
UT 53.4 53.5 55.0 56.2 55.8 52.0 54.0 57.0 42.3 43.9
VT 124.3 120.9 126.5 117.2 120.3 123.2 102.5 97.7 97.0 94.1
VA 118.9 109.1 108.2 105.4 106.2 106.7 104.6 108.0 105.6 102.1
WA 83.4 78.7 81.1 79.4 72.6 67.4 58.1 55.6 56.4 55.1
WV 104.1 100.1 98.0 111.0 104.2 115.8 112.7 114.5 114.6 112.4
Wl 94.1 95.5 96.2 91.2 91.8 93.5 92.1 91.9 88.7 84.4
WY 96.9 109.1 110.8 108.4 111.2 115.0 110.3 108.8 102.9 104.8